-0.000560716121189464
-0.13246580206223346
-0.663999351193691
-0.1646484549450672
-0.6672347609471136
-0.7342741918807371
-0.9348187548978921
-0.07169717689994126
-0.2102096633380146
-0.9422496287459822
-0.34016305649812206
-0.13786452649268155
-0.29554316375957157
-0.4345260116549806
-0.3075199381943754
-0.8268050416333603
-0.9476704405884125
-0.15262807918290422
-0.9635392323842006
-0.2294587827065887
-0.5163410360279763
-0.8203696601401697
-0.40256471286688766
-0.25834643269544255
-0.2980697937081027
2.0
-0.04834803823998102
-0.14903154500433813
-0.9254556242204882
-0.10286832788001798
-0.6297373338766552
-0.9086948291228116
