-1.0390338648026651
-0.03740674852199244
-0.025667660515904866
1.2217168255666948
-0.6398695518198703
-0.33909068675962245
0.9607499635280071
-0.22839498821803267
-0.49704231178110514
-0.009659280325331785
-0.9643634694465862
-0.58860673916707
-0.08561494778693102
-0.23176624275773208
-1.0313237182726638
-0.8360175218100572
0.025150561776928662
-0.07450096882478206
-0.7726884573520204
-0.7372580916961354
-0.48289787348078556
0.7507293539273159
0.02398890409008874
-0.24286783116730232
-0.915418931054213
1.207633065535446
0.7550096549166113
-0.04209631137569409
-0.30114445549551494
-0.5282312633210525
0.5894413674455946
0.6664331689610276
0.18261300113999654
0.7037383432359015
0.5515256120645334
-0.010857120412226261
0.24035195207480003
-1.3825827797536838
0.8033131878170736
-0.08810049412142888
-0.113811690805648
0.41240814011986904
-0.04423038956519559
-0.5624542179544845
0.4884975204378198
0.3457367334258397
0.726732948341984
0.08300707935972523
-0.16300470398142156
0.07544034700981073
0.6274672822764727
-0.2649661643985384
0.48441850442573625
-0.59974956381343
0.8838168934596925
-0.23299128438178435
1.0297658710477782
-0.31006506571221365
0.6911897547460069
-0.3820014175449681
-0.9592295022605642
1.58732128911289
-1.867333709069059
-0.08256625177444726
0.6050855390649819
-1.0952839092876197
1.0683535584636028
0.24084252283882485
0.04539964025110568
-0.41951967342286844
0.11072458976687201
-0.09565132683252331
-0.29443002486101927
-0.07597445059871555
-0.3748223834870022
-0.9825080099498154
-0.6763317175776145
-0.04070976479843234
-0.0539641498332763
-0.4414037985902285
-1.3044861500787492
0.7755268321905507
-0.25240812532434265
-0.42657542551666855
-0.15012782521110749
-0.7550964451632831
0.151563042183454
0.45877661598383235
-0.5088004550227344
-0.9070420628844305
0.35442955687824257
-0.7718364543528062
0.8453675859827254
-0.9777876664631624
-0.35792389015818216
0.5352841997701527
0.17880251756484225
-0.6909546068889028
0.521347713513396
-0.709272706145911
0.26779578602878995
0.27346489113598604
-0.4291019061502186
0.7393153355990081
0.8350999307178615
0.8445415979960975
1.2637145069791003
0.6210112812865368
-0.6229310191935006
0.7072420887331335
-0.9817681252252464
0.77606417727067
0.1964158957768274
0.0408493248250912
-0.6901749680828717
-0.8245477332235716
2.3292598783412215
-1.7185862608804081
0.26330771376780515
0.4133696335301837
0.4138374082326185
-1.1389204051217694
